8009 2
8017 2
8053 2
8069 2
8081 2
8089 2
8093 2
8101 2
8117 2
8161 2
8209 2
8221 2
8233 2
8237 2
8269 2
8273 2
8293 2
8297 2
8317 2
8329 2
8353 2
8369 2
8377 2
8389 2
8429 2
8461 2
8501 2
8513 2
8521 2
8537 2
8573 2
8581 2
8597 2
8609 2
8629 2
8641 2
8669 2
8677 2
8681 2
8689 2
8693 2
8713 2
8737 2
8741 2
8753 2
8761 2
8821 2
8837 2
8849 2
8861 2
8893 2
8929 2
8933 2
8941 2
8969 2
9001 2
9013 2
9029 2
9041 2
9049 2
9109 2
9133 2
9137 2
9157 2
9161 2
9173 2
9181 2
9209 2
9221 2
9241 2
9257 2
9277 2
9281 2
9293 2
9337 2
9341 2
9349 2
