5 2
13 2
17 2
29 2
37 2
41 2
53 2
61 2
73 2
89 2
97 2
101 2
109 2
113 2
137 2
149 2
157 2
173 2
181 2
193 2
197 2
229 2
233 2
241 2
257 2
269 2
277 2
281 2
293 2
313 2
317 2
337 2
349 2
353 2
373 2
389 2
397 2
401 2
409 2
421 2
433 2
449 2
457 2
461 2
509 2
521 2
541 2
557 2
569 2
577 2
593 2
601 2
613 2
617 2
641 2
653 2
661 2
673 2
677 2
701 2
709 2
733 2
757 2
761 2
769 2
773 2
797 2
809 2
821 2
829 2
853 2
857 2
877 2
881 2
929 2
937 2
941 2
953 2
977 2
997 2
1009 2
1013 2
1021 2
1033 2
1049 2
1061 2
1069 2
1093 2
1097 2
1109 2
1117 2
1129 2
1153 2
1181 2
1193 2
1201 2
1213 2
1217 2
1229 2
1237 2
1249 2
1277 2
1289 2
1297 2
1301 2
1321 2
1361 2
1373 2
1381 2
1409 2
1429 2
1433 2
1453 2
1481 2
1489 2
1493 2
1549 2
1553 2
1597 2
1601 2
1609 2
1613 2
1621 2
1637 2
1657 2
1669 2
1693 2
1697 2
1709 2
1721 2
1733 2
1741 2
1753 2
1777 2
1789 2
1801 2
1861 2
1873 2
1877 2
1889 2
1901 2
1913 2
1933 2
1949 2
1973 2
1993 2
1997 2
2017 2
2029 2
2053 2
2069 2
2081 2
2089 2
2113 2
2129 2
2137 2
2141 2
2153 2
2161 2
2213 2
2221 2
2237 2
2269 2
2273 2
2281 2
2293 2
2297 2
2309 2
2333 2
2341 2
2357 2
2377 2
2381 2
2389 2
2393 2
2417 2
2437 2
2441 2
2473 2
2477 2
2521 2
2549 2
2557 2
2593 2
2609 2
2617 2
2621 2
2633 2
2657 2
2677 2
2689 2
2693 2
2713 2
2729 2
2741 2
2749 2
2753 2
2777 2
2789 2
2797 2
2801 2
2833 2
2837 2
2857 2
2861 2
2897 2
2909 2
2917 2
2953 2
2957 2
2969 2
3001 2
3037 2
3041 2
3049 2
3061 2
3089 2
3109 2
3121 2
3137 2
3169 2
3181 2
3209 2
3217 2
3221 2
3229 2
3253 2
3257 2
3301 2
3313 2
3329 2
3361 2
3373 2
3389 2
3413 2
3433 2
3449 2
3457 2
3461 2
3469 2
3517 2
3529 2
3533 2
3541 2
3557 2
3581 2
3593 2
3613 2
3617 2
3637 2
3673 2
3677 2
3697 2
3701 2
3709 2
3733 2
3761 2
3769 2
3793 2
3797 2
3821 2
3833 2
3853 2
3877 2
3881 2
3889 2
3917 2
3929 2
3989 2
4001 2
4013 2
4021 2
4049 2
4057 2
4073 2
4093 2
4129 2
4133 2
4153 2
4157 2
4177 2
4201 2
4217 2
4229 2
4241 2
4253 2
4261 2
4273 2
4289 2
4297 2
4337 2
4349 2
4357 2
4373 2
4397 2
4409 2
4421 2
4441 2
4457 2
4481 2
4493 2
4513 2
4517 2
4549 2
4561 2
4597 2
4621 2
4637 2
4649 2
4657 2
4673 2
4721 2
4729 2
4733 2
4789 2
4793 2
4801 2
4813 2
4817 2
4861 2
4877 2
4889 2
4909 2
4933 2
4937 2
4957 2
4969 2
4973 2
4993 2
5009 2
5021 2
5077 2
5081 2
5101 2
5113 2
