5 0
13 2
17 2
29 2
37 3
41 2
53 2
61 2
73 2
89 2
97 2
101 2
109 2
113 2
137 2
149 2
157 2
173 2
181 2
193 2
197 2
229 2
233 2
241 2
257 2
269 2
277 2
281 2
293 2
313 2
317 2
337 2
349 2
353 2
373 2
389 2
397 2
401 2
409 2
421 2
433 2
449 2
457 2
461 2
509 2
521 2
541 2
557 2
569 2
577 2
593 2
601 2
613 2
617 2
641 2
653 2
661 2
673 2
677 2
701 2
709 2
733 2
757 2
761 2
769 2
773 2
797 2
809 2
821 2
829 2
853 2
857 2
877 2
881 2
929 2
937 2
941 2
953 2
977 2
997 2
1009 2
1013 2
1021 2
1033 2
1049 2
1061 2
1069 2
1093 2
1097 2
1109 2
1117 2
1129 2
1153 2
1181 2
1193 2
1201 2
1213 2
1217 2
1229 2
1237 2
1249 2
1277 2
1289 2
1297 2
1301 2
1321 2
1361 2
1373 2
1381 2
1409 2
1429 2
1433 2
1453 2
1481 2
1489 2
1493 2
1549 2
1553 2
1597 2
1601 2
1609 2
1613 2
1621 2
1637 2
1657 2
1669 2
1693 2
1697 2
1709 2
1721 2
1733 2
1741 2
1753 2
1777 2
1789 2
1801 2
1861 2
1873 2
1877 2
1889 2
1901 2
1913 2
1933 2
1949 2
1973 2
1993 2
1997 2
2017 2
2029 2
2053 2
2069 2
2081 2
2089 2
2113 2
2129 2
2137 2
2141 2
2153 2
2161 2
2213 2
2221 2
2237 2
2269 2
2273 2
2281 2
2293 2
2297 2
2309 2
2333 2
2341 2
2357 2
2377 2
2381 2
2389 2
2393 2
2417 2
2437 2
2441 2
2473 2
2477 2
2521 2
2549 2
2557 2
2593 2
2609 2
2617 2
2621 2
2633 2
2657 2
2677 2
2689 2
2693 2
2713 2
2729 2
2741 2
2749 2
2753 2
2777 2
2789 2
2797 2
2801 2
2833 2
2837 2
2857 2
2861 2
2897 2
2909 2
2917 2
2953 2
2957 2
2969 2
3001 2
3037 2
3041 2
3049 2
3061 2
3089 2
3109 2
3121 2
3137 2
3169 2
3181 2
3209 2
3217 2
3221 2
3229 2
3253 2
3257 2
3301 2
3313 2
3329 2
3361 2
3373 2
3389 2
3413 2
3433 2
3449 2
3457 2
3461 2
3469 2
3517 2
3529 2
3533 2
3541 2
3557 2
3581 2
3593 2
3613 2
3617 2
3637 2
3673 2
3677 2
3697 2
3701 2
3709 2
3733 2
3761 2
3769 2
3793 2
3797 2
3821 2
3833 2
3853 2
3877 2
3881 2
3889 2
3917 2
3929 2
3989 2
4001 2
4013 2
4021 2
4049 2
4057 2
4073 2
4093 2
4129 2
4133 2
4153 2
4157 2
4177 2
4201 2
4217 2
4229 2
4241 2
4253 2
4261 2
4273 2
4289 2
4297 2
4337 2
4349 2
4357 2
4373 2
4397 2
4409 2
4421 2
4441 2
4457 2
4481 2
4493 2
4513 2
4517 2
4549 2
4561 2
4597 2
4621 2
4637 2
4649 2
4657 2
4673 2
4721 2
4729 2
4733 2
4789 2
4793 2
4801 2
4813 2
4817 2
4861 2
4877 2
4889 2
4909 2
4933 2
4937 2
4957 2
4969 2
4973 2
4993 2
5009 2
5021 2
5077 2
5081 2
5101 2
5113 2
5153 2
5189 2
5197 2
5209 2
5233 2
5237 2
5261 2
5273 2
5281 2
5297 2
5309 2
5333 2
5381 2
5393 2
5413 2
5417 2
5437 2
5441 2
5449 2
5477 2
5501 2
5521 2
5557 2
5569 2
5573 2
5581 2
5641 2
5653 2
5657 2
5669 2
5689 2
5693 2
5701 2
5717 2
5737 2
5741 2
5749 2
5801 2
5813 2
5821 2
5849 2
5857 2
5861 2
5869 2
5881 2
5897 2
5953 2
5981 2
6029 2
6037 2
6053 2
6073 2
6089 2
6101 2
6113 2
6121 2
6133 2
6173 2
6197 2
6217 2
6221 2
6229 2
6257 2
6269 2
6277 2
6301 2
6317 2
6329 2
6337 2
6353 2
6361 2
6373 2
6389 2
6397 2
6421 2
6449 2
6469 2
6473 2
6481 2
6521 2
6529 2
6553 2
6569 2
6577 2
6581 2
6637 2
6653 2
6661 2
6673 2
6689 2
6701 2
6709 2
6733 2
6737 2
6761 2
6781 2
6793 2
6829 2
6833 2
6841 2
6857 2
6869 2
6917 2
6949 2
6961 2
6977 2
6997 2
7001 2
7013 2
7057 2
7069 2
7109 2
7121 2
7129 2
7177 2
7193 2
7213 2
7229 2
7237 2
7253 2
7297 2
7309 2
7321 2
7333 2
7349 2
7369 2
7393 2
7417 2
7433 2
7457 2
7477 2
7481 2
7489 2
7517 2
7529 2
7537 2
7541 2
7549 2
7561 2
7573 2
7577 2
7589 2
7621 2
7649 2
7669 2
7673 2
7681 2
7717 2
7741 2
7753 2
7757 2
7789 2
7793 2
7817 2
7829 2
7841 2
7853 2
7873 2
7877 2
7901 2
7933 2
7937 2
7949 2
7993 2
8009 2
8017 2
8053 2
8069 2
8081 2
8089 2
8093 2
8101 2
8117 2
8161 2
8209 2
8221 2
8233 2
8237 2
8269 2
8273 2
8293 2
8297 2
8317 2
8329 2
8353 2
8369 2
8377 2
8389 2
8429 2
8461 2
8501 2
8513 2
8521 2
8537 2
8573 2
8581 2
8597 2
8609 2
8629 2
8641 2
8669 2
8677 2
8681 2
8689 2
8693 2
8713 2
8737 2
8741 2
8753 2
8761 2
8821 2
8837 2
8849 2
8861 2
8893 2
8929 2
8933 2
8941 2
8969 2
9001 2
9013 2
9029 2
9041 2
9049 2
9109 2
9133 2
9137 2
9157 2
9161 2
9173 2
9181 2
9209 2
9221 2
9241 2
9257 2
9277 2
9281 2
9293 2
9337 2
9341 2
9349 2
9377 2
9397 2
9413 2
9421 2
9433 2
9437 2
9461 2
9473 2
9497 2
9521 2
9533 2
9601 2
9613 2
9629 2
9649 2
9661 2
9677 2
9689 2
9697 2
9721 2
9733 2
9749 2
9769 2
9781 2
9817 2
9829 2
9833 2
9857 2
9901 2
9929 2
9941 2
9949 2
9973 2
10009 2
10037 2
10061 2
10069 2
10093 2
10133 2
10141 2
10169 2
10177 2
10181 2
10193 2
10253 2
10273 2
10289 2
10301 2
10313 2
10321 2
10333 2
10337 2
10357 2
10369 2
10429 2
10433 2
10453 2
10457 2
10477 2
10501 2
10513 2
10529 2
10589 2
10597 2
10601 2
10613 2
10657 2
10709 2
10729 2
10733 2
10753 2
10781 2
10789 2
10837 2
10853 2
10861 2
10889 2
10909 2
10937 2
10949 2
10957 2
10973 2
10993 2
11057 2
11069 2
11093 2
11113 2
11117 2
11149 2
11161 2
11173 2
11177 2
11197 2
11213 2
11257 2
11261 2
11273 2
11317 2
11321 2
11329 2
11353 2
11369 2
11393 2
11437 2
11489 2
11497 2
11549 2
11593 2
11597 2
11617 2
11621 2
11633 2
11657 2
11677 2
11681 2
11689 2
11701 2
11717 2
11777 2
11789 2
11801 2
11813 2
11821 2
11833 2
11897 2
11909 2
11933 2
11941 2
11953 2
11969 2
11981 2
12037 2
12041 2
12049 2
12073 2
12097 2
12101 2
12109 2
12113 2
12149 2
12157 2
12161 2
12197 2
12241 2
12253 2
12269 2
12277 2
12281 2
12289 2
12301 2
12329 2
12373 2
12377 2
12401 2
12409 2
12413 2
12421 2
12433 2
12437 2
12457 2
12473 2
12497 2
12517 2
12541 2
12553 2
12569 2
12577 2
12589 2
12601 2
12613 2
12637 2
12641 2
12653 2
12689 2
12697 2
12713 2
12721 2
12757 2
12781 2
12809 2
12821 2
12829 2
12841 2
12853 2
12889 2
12893 2
12917 2
12941 2
12953 2
12973 2
13001 2
13009 2
13033 2
13037 2
13049 2
13093 2
13109 2
13121 2
13177 2
13217 2
13229 2
13241 2
13249 2
13297 2
13309 2
13313 2
13337 2
13381 2
13397 2
13417 2
13421 2
13441 2
13457 2
13469 2
13477 2
13513 2
13537 2
13553 2
13577 2
13597 2
13613 2
13633 2
13649 2
13669 2
13681 2
13693 2
13697 2
13709 2
13721 2
13729 2
13757 2
13781 2
13789 2
13829 2
13841 2
13873 2
13877 2
13901 2
13913 2
13921 2
13933 2
13997 2
14009 2
14029 2
14033 2
14057 2
14081 2
14149 2
14153 2
14173 2
14177 2
14197 2
14221 2
14249 2
14281 2
14293 2
14321 2
14341 2
14369 2
14389 2
14401 2
14437 2
14449 2
14461 2
14489 2
14533 2
14537 2
14549 2
14557 2
14561 2
14593 2
14621 2
14629 2
14633 2
14653 2
14657 2
14669 2
14713 2
14717 2
14737 2
14741 2
14753 2
14797 2
14813 2
14821 2
14869 2
14897 2
14929 2
14957 2
14969 2
15013 2
15017 2
15053 2
15061 2
15073 2
15077 2
15101 2
15121 2
15137 2
15149 2
15161 2
15173 2
15193 2
15217 2
15233 2
15241 2
15269 2
15277 2
15289 2
15313 2
15329 2
15349 2
15361 2
15373 2
15377 2
15401 2
15413 2
15461 2
15473 2
15493 2
15497 2
15541 2
15569 2
15581 2
15601 2
15629 2
15641 2
15649 2
15661 2
15733 2
15737 2
15749 2
15761 2
15773 2
15797 2
15809 2
15817 2
15877 2
15881 2
15889 2
15901 2
15913 2
15937 2
15973 2
16001 2
16033 2
16057 2
16061 2
16069 2
16073 2
16097 2
16141 2
16189 2
16193 2
16217 2
16229 2
16249 2
16253 2
16273 2
16301 2
16333 2
16349 2
16361 2
16369 2
16381 2
16417 2
16421 2
16433 2
16453 2
16477 2
16481 2
16493 2
16529 2
16553 2
16561 2
16573 2
16633 2
16649 2
16657 2
16661 2
16673 2
16693 2
16729 2
16741 2
16829 2
16889 2
16901 2
16921 2
16937 2
16981 2
16993 2
17021 2
17029 2
17033 2
17041 2
17053 2
17077 2
17093 2
17117 2
17137 2
17189 2
17209 2
17257 2
17293 2
17317 2
17321 2
17333 2
17341 2
17377 2
17389 2
17393 2
17401 2
17417 2
17449 2
17477 2
17489 2
17497 2
17509 2
17569 2
17573 2
17581 2
17597 2
17609 2
17657 2
17669 2
17681 2
17713 2
17729 2
17737 2
17749 2
17761 2
17789 2
17837 2
17881 2
17909 2
17921 2
17929 2
17957 2
17977 2
17981 2
17989 2
18013 2
18041 2
18049 2
18061 2
18077 2
18089 2
18097 2
18121 2
18133 2
18149 2
18169 2
18181 2
18217 2
18229 2
18233 2
18253 2
18257 2
18269 2
18289 2
18301 2
18313 2
18329 2
18341 2
18353 2
18397 2
18401 2
18413 2
18433 2
18457 2
18461 2
18481 2
18493 2
18517 2
18521 2
18541 2
18553 2
18593 2
18617 2
18637 2
18661 2
18701 2
18713 2
18749 2
18757 2
18773 2
18793 2
18797 2
18869 2
18913 2
18917 2
18973 2
19001 2
19009 2
19013 2
19037 2
19069 2
19073 2
19081 2
19121 2
19141 2
19157 2
19181 2
19213 2
19237 2
19249 2
19273 2
19289 2
19301 2
19309 2
19333 2
19373 2
19381 2
19417 2
19421 2
19429 2
19433 2
19441 2
19457 2
19469 2
19477 2
19489 2
19501 2
19541 2
19553 2
19577 2
19597 2
19609 2
19661 2
19681 2
19697 2
19709 2
19717 2
19753 2
19777 2
19793 2
19801 2
19813 2
19841 2
19853 2
19861 2
19889 2
19913 2
19937 2
19949 2
19961 2
19973 2
19993 2
19997 2
20021 2
20029 2
20089 2
20101 2
20113 2
20117 2
20129 2
20149 2
20161 2
20173 2
20177 2
20201 2
20233 2
20249 2
20261 2
20269 2
20297 2
20333 2
20341 2
20353 2
20357 2
20369 2
20389 2
20393 2
20441 2
20477 2
20509 2
20521 2
20533 2
20549 2
20593 2
20641 2
20681 2
20693 2
20717 2
20749 2
20753 2
20773 2
20789 2
20809 2
20849 2
20857 2
20873 2
20897 2
20921 2
20929 2
20981 2
21001 2
21013 2
21017 2
21061 2
21089 2
21101 2
21121 2
21149 2
21157 2
21169 2
21193 2
21221 2
21269 2
21277 2
21313 2
21317 2
21341 2
21377 2
21397 2
21401 2
21433 2
21481 2
21493 2
21517 2
21521 2
21529 2
21557 2
21569 2
21577 2
21589 2
21601 2
21613 2
21617 2
21649 2
21661 2
21673 2
21701 2
21713 2
21737 2
21757 2
21773 2
21817 2
21821 2
21841 2
21881 2
21893 2
21929 2
21937 2
21961 2
21977 2
21997 2
22013 2
22037 2
22073 2
22093 2
22109 2
22129 2
22133 2
22153 2
22157 2
22189 2
22193 2
22229 2
22273 2
22277 2
22349 2
22369 2
22381 2
22397 2
22409 2
22433 2
22441 2
22453 2
22469 2
22481 2
22501 2
22541 2
22549 2
22573 2
22613 2
22621 2
22637 2
22669 2
22697 2
22709 2
22717 2
22721 2
22741 2
22769 2
22777 2
22817 2
22853 2
22861 2
22877 2
22901 2
22921 2
22937 2
22961 2
22973 2
22993 2
23017 2
23021 2
23029 2
23041 2
23053 2
23057 2
23081 2
23117 2
23173 2
23189 2
23197 2
23201 2
23209 2
23269 2
23293 2
23297 2
23321 2
23333 2
23357 2
23369 2
23417 2
23473 2
23497 2
23509 2
23537 2
23549 2
23557 2
23561 2
23581 2
23593 2
23609 2
23629 2
23633 2
23669 2
23677 2
23689 2
23741 2
23753 2
23761 2
23773 2
23789 2
23801 2
23813 2
23833 2
23857 2
23869 2
23873 2
23893 2
23909 2
23917 2
23929 2
23957 2
23977 2
23981 2
23993 2
24001 2
24029 2
24049 2
24061 2
24077 2
24097 2
24109 2
24113 2
24121 2
24133 2
24137 2
24169 2
24181 2
24197 2
24229 2
24281 2
24317 2
24329 2
24337 2
24373 2
24413 2
24421 2
24469 2
24473 2
24481 2
24509 2
24517 2
24533 2
24593 2
24677 2
24697 2
24709 2
24733 2
24749 2
24781 2
24793 2
24809 2
24821 2
24841 2
24877 2
24889 2
24917 2
24953 2
24977 2
24989 2
25013 2
25033 2
25037 2
25057 2
25073 2
25097 2
25117 2
25121 2
25153 2
25169 2
25189 2
25229 2
25237 2
25253 2
25261 2
25301 2
25309 2
25321 2
25349 2
25357 2
25373 2
25409 2
25453 2
25457 2
25469 2
25537 2
25541 2
25561 2
25577 2
25589 2
25601 2
25609 2
25621 2
25633 2
25657 2
25673 2
25693 2
25717 2
25733 2
25741 2
25793 2
25801 2
25841 2
25849 2
25873 2
25889 2
25913 2
25933 2
25969 2
25981 2
25997 2
26017 2
26021 2
26029 2
26041 2
26053 2
26113 2
26141 2
26153 2
26161 2
26177 2
26189 2
26209 2
26237 2
26249 2
26261 2
26293 2
26297 2
26309 2
26317 2
26321 2
26357 2
26393 2
26417 2
26437 2
26449 2
26489 2
26497 2
26501 2
26513 2
26557 2
26561 2
26573 2
26597 2
26633 2
26641 2
26669 2
26681 2
26693 2
26701 2
26713 2
26717 2
26729 2
26737 2
26777 2
26801 2
26813 2
26821 2
26833 2
26849 2
26861 2
26881 2
26893 2
26921 2
26953 2
26981 2
26993 2
27017 2
27061 2
27073 2
27077 2
27109 2
27197 2
27241 2
27253 2
27277 2
27281 2
27329 2
27337 2
27361 2
27397 2
27409 2
27437 2
27449 2
27457 2
27481 2
27509 2
27529 2
27541 2
27581 2
27617 2
27653 2
27673 2
27689 2
27697 2
27701 2
27733 2
27737 2
27749 2
27773 2
27793 2
27809 2
27817 2
27893 2
27901 2
27917 2
27941 2
27953 2
27961 2
27997 2
28001 2
28057 2
28069 2
28081 2
28097 2
28109 2
28181 2
28201 2
28229 2
28277 2
28289 2
28297 2
28309 2
28349 2
28393 2
28409 2
28429 2
28433 2
28477 2
28493 2
28513 2
28517 2
28537 2
28541 2
28549 2
28573 2
28597 2
28621 2
28649 2
28657 2
28661 2
28669 2
28697 2
28729 2
28753 2
28789 2
28793 2
28813 2
28817 2
28837 2
28901 2
28909 2
28921 2
28933 2
28949 2
28961 2
29009 2
29017 2
29021 2
29033 2
29077 2
29101 2
29129 2
29137 2
29153 2
29173 2
29201 2
29209 2
29221 2
29269 2
29297 2
29333 2
29389 2
29401 2
29429 2
29437 2
29453 2
29473 2
29501 2
29537 2
29569 2
29573 2
29581 2
29629 2
29633 2
29641 2
29669 2
29717 2
29741 2
29753 2
29761 2
29789 2
29833 2
29837 2
29873 2
29881 2
29917 2
29921 2
29989 2
